(kicad_pcb (version 20171130) (host pcbnew 5.1.4-e60b266~84~ubuntu18.04.1)

  (general
    (thickness 1.6)
    (drawings 36)
    (tracks 541)
    (zones 0)
    (modules 58)
    (nets 64)
  )

  (page A4)
  (layers
    (0 F.Cu signal)
    (31 B.Cu signal)
    (32 B.Adhes user)
    (33 F.Adhes user)
    (34 B.Paste user)
    (35 F.Paste user)
    (36 B.SilkS user)
    (37 F.SilkS user)
    (38 B.Mask user)
    (39 F.Mask user)
    (40 Dwgs.User user)
    (41 Cmts.User user)
    (42 Eco1.User user)
    (43 Eco2.User user)
    (44 Edge.Cuts user)
    (45 Margin user)
    (46 B.CrtYd user)
    (47 F.CrtYd user)
    (48 B.Fab user)
    (49 F.Fab user)
  )

  (setup
    (last_trace_width 0.25)
    (user_trace_width 0.25)
    (user_trace_width 1)
    (trace_clearance 0.2)
    (zone_clearance 0.508)
    (zone_45_only no)
    (trace_min 0.2)
    (via_size 0.8)
    (via_drill 0.4)
    (via_min_size 0.4)
    (via_min_drill 0.3)
    (uvia_size 0.3)
    (uvia_drill 0.1)
    (uvias_allowed no)
    (uvia_min_size 0.2)
    (uvia_min_drill 0.1)
    (edge_width 0.05)
    (segment_width 0.2)
    (pcb_text_width 0.3)
    (pcb_text_size 1.5 1.5)
    (mod_edge_width 0.12)
    (mod_text_size 1 1)
    (mod_text_width 0.15)
    (pad_size 1.524 1.524)
    (pad_drill 0.762)
    (pad_to_mask_clearance 0.051)
    (solder_mask_min_width 0.25)
    (aux_axis_origin 0 0)
    (visible_elements FFFFFF7F)
    (pcbplotparams
      (layerselection 0x010fc_ffffffff)
      (usegerberextensions false)
      (usegerberattributes false)
      (usegerberadvancedattributes false)
      (creategerberjobfile false)
      (excludeedgelayer true)
      (linewidth 0.100000)
      (plotframeref false)
      (viasonmask false)
      (mode 1)
      (useauxorigin false)
      (hpglpennumber 1)
      (hpglpenspeed 20)
      (hpglpendiameter 15.000000)
      (psnegative false)
      (psa4output false)
      (plotreference true)
      (plotvalue true)
      (plotinvisibletext false)
      (padsonsilk false)
      (subtractmaskfromsilk false)
      (outputformat 1)
      (mirror false)
      (drillshape 0)
      (scaleselection 1)
      (outputdirectory "gerber/"))
  )

  (net 0 "")
  (net 1 "Net-(D1-Pad2)")
  (net 2 VCC)
  (net 3 "Net-(D2-Pad2)")
  (net 4 GND)
  (net 5 "Net-(D3-Pad2)")
  (net 6 "Net-(D4-Pad2)")
  (net 7 "Net-(D5-Pad2)")
  (net 8 "Net-(D6-Pad2)")
  (net 9 "Net-(D7-Pad2)")
  (net 10 "Net-(J1-Pad3)")
  (net 11 "Net-(R1-Pad1)")
  (net 12 "Net-(R2-Pad1)")
  (net 13 "Net-(J1-Pad2)")
  (net 14 "Net-(R4-Pad2)")
  (net 15 "Net-(J4-Pad2)")
  (net 16 "Net-(J7-Pad3)")
  (net 17 "Net-(R5-Pad2)")
  (net 18 "Net-(J5-Pad2)")
  (net 19 "Net-(R6-Pad2)")
  (net 20 "Net-(R7-Pad2)")
  (net 21 "Net-(J6-Pad3)")
  (net 22 "Net-(R8-Pad2)")
  (net 23 "Net-(R9-Pad2)")
  (net 24 "Net-(R10-Pad2)")
  (net 25 "Net-(R11-Pad2)")
  (net 26 "Net-(R12-Pad2)")
  (net 27 "Net-(R13-Pad2)")
  (net 28 "Net-(R14-Pad2)")
  (net 29 "Net-(J4-Pad1)")
  (net 30 "Net-(J5-Pad1)")
  (net 31 "Net-(J8-Pad3)")
  (net 32 "Net-(R19-Pad2)")
  (net 33 "Net-(C1-Pad1)")
  (net 34 "Net-(C2-Pad2)")
  (net 35 "Net-(C3-Pad1)")
  (net 36 "Net-(C4-Pad1)")
  (net 37 "Net-(J1-Pad6)")
  (net 38 "Net-(J1-Pad4)")
  (net 39 "Net-(J2-Pad3)")
  (net 40 "Net-(J3-Pad3)")
  (net 41 "Net-(J8-Pad2)")
  (net 42 "Net-(U1-Pad8)")
  (net 43 "Net-(U1-Pad22)")
  (net 44 "Net-(U1-Pad26)")
  (net 45 "Net-(U1-Pad27)")
  (net 46 "Net-(U1-Pad32)")
  (net 47 "Net-(U1-Pad36)")
  (net 48 "Net-(F1-Pad2)")
  (net 49 "Net-(F2-Pad1)")
  (net 50 "Net-(F3-Pad2)")
  (net 51 "Net-(F4-Pad1)")
  (net 52 "Net-(R20-Pad2)")
  (net 53 "Net-(R21-Pad2)")
  (net 54 "Net-(J9-Pad3)")
  (net 55 "Net-(J9-Pad2)")
  (net 56 /RESET)
  (net 57 /MOSI)
  (net 58 /SCK)
  (net 59 /MISO)
  (net 60 "Net-(F5-Pad2)")
  (net 61 "Net-(F6-Pad1)")
  (net 62 "Net-(J11-Pad3)")
  (net 63 "Net-(R24-Pad2)")

  (net_class Default "This is the default net class."
    (clearance 0.2)
    (trace_width 0.25)
    (via_dia 0.8)
    (via_drill 0.4)
    (uvia_dia 0.3)
    (uvia_drill 0.1)
    (add_net /MISO)
    (add_net /MOSI)
    (add_net /RESET)
    (add_net /SCK)
    (add_net GND)
    (add_net "Net-(C1-Pad1)")
    (add_net "Net-(C2-Pad2)")
    (add_net "Net-(C3-Pad1)")
    (add_net "Net-(C4-Pad1)")
    (add_net "Net-(D1-Pad2)")
    (add_net "Net-(D2-Pad2)")
    (add_net "Net-(D3-Pad2)")
    (add_net "Net-(D4-Pad2)")
    (add_net "Net-(D5-Pad2)")
    (add_net "Net-(D6-Pad2)")
    (add_net "Net-(D7-Pad2)")
    (add_net "Net-(F1-Pad2)")
    (add_net "Net-(F2-Pad1)")
    (add_net "Net-(F3-Pad2)")
    (add_net "Net-(F4-Pad1)")
    (add_net "Net-(F5-Pad2)")
    (add_net "Net-(F6-Pad1)")
    (add_net "Net-(J1-Pad2)")
    (add_net "Net-(J1-Pad3)")
    (add_net "Net-(J1-Pad4)")
    (add_net "Net-(J1-Pad6)")
    (add_net "Net-(J11-Pad3)")
    (add_net "Net-(J2-Pad3)")
    (add_net "Net-(J3-Pad3)")
    (add_net "Net-(J4-Pad1)")
    (add_net "Net-(J4-Pad2)")
    (add_net "Net-(J5-Pad1)")
    (add_net "Net-(J5-Pad2)")
    (add_net "Net-(J6-Pad3)")
    (add_net "Net-(J7-Pad3)")
    (add_net "Net-(J8-Pad2)")
    (add_net "Net-(J8-Pad3)")
    (add_net "Net-(J9-Pad2)")
    (add_net "Net-(J9-Pad3)")
    (add_net "Net-(R1-Pad1)")
    (add_net "Net-(R10-Pad2)")
    (add_net "Net-(R11-Pad2)")
    (add_net "Net-(R12-Pad2)")
    (add_net "Net-(R13-Pad2)")
    (add_net "Net-(R14-Pad2)")
    (add_net "Net-(R19-Pad2)")
    (add_net "Net-(R2-Pad1)")
    (add_net "Net-(R20-Pad2)")
    (add_net "Net-(R21-Pad2)")
    (add_net "Net-(R24-Pad2)")
    (add_net "Net-(R4-Pad2)")
    (add_net "Net-(R5-Pad2)")
    (add_net "Net-(R6-Pad2)")
    (add_net "Net-(R7-Pad2)")
    (add_net "Net-(R8-Pad2)")
    (add_net "Net-(R9-Pad2)")
    (add_net "Net-(U1-Pad22)")
    (add_net "Net-(U1-Pad26)")
    (add_net "Net-(U1-Pad27)")
    (add_net "Net-(U1-Pad32)")
    (add_net "Net-(U1-Pad36)")
    (add_net "Net-(U1-Pad8)")
    (add_net VCC)
  )

  (module Connector_PinHeader_1.27mm:PinHeader_1x03_P1.27mm_Horizontal (layer B.Cu) (tedit 59FED6E3) (tstamp 5D81D186)
    (at 106.934 37.973 270)
    (descr "Through hole angled pin header, 1x03, 1.27mm pitch, 4.0mm pin length, single row")
    (tags "Through hole angled pin header THT 1x03 1.27mm single row")
    (path /5DA5C445)
    (fp_text reference J11 (at 2.4325 1.635 90) (layer B.Fab)
      (effects (font (size 1 1) (thickness 0.15)) (justify mirror))
    )
    (fp_text value "POT Input" (at 3.302 -4.191 90) (layer B.SilkS)
      (effects (font (size 1 1) (thickness 0.15)) (justify mirror))
    )
    (fp_text user %R (at 1 -1.27 180) (layer B.Fab)
      (effects (font (size 0.6 0.6) (thickness 0.09)) (justify mirror))
    )
    (fp_line (start 6 1.15) (end -1.15 1.15) (layer B.CrtYd) (width 0.05))
    (fp_line (start 6 -3.7) (end 6 1.15) (layer B.CrtYd) (width 0.05))
    (fp_line (start -1.15 -3.7) (end 6 -3.7) (layer B.CrtYd) (width 0.05))
    (fp_line (start -1.15 1.15) (end -1.15 -3.7) (layer B.CrtYd) (width 0.05))
    (fp_line (start -0.76 0.76) (end 0 0.76) (layer B.SilkS) (width 0.12))
    (fp_line (start -0.76 0) (end -0.76 0.76) (layer B.SilkS) (width 0.12))
    (fp_line (start 5.56 -2.8) (end 1.56 -2.8) (layer B.SilkS) (width 0.12))
    (fp_line (start 5.56 -2.28) (end 5.56 -2.8) (layer B.SilkS) (width 0.12))
    (fp_line (start 1.56 -2.28) (end 5.56 -2.28) (layer B.SilkS) (width 0.12))
    (fp_line (start 0.44 -1.889677) (end 0.44 -1.920323) (layer B.SilkS) (width 0.12))
    (fp_line (start 0.44 -1.905) (end 1.56 -1.905) (layer B.SilkS) (width 0.12))
    (fp_line (start 5.56 -1.53) (end 1.56 -1.53) (layer B.SilkS) (width 0.12))
    (fp_line (start 5.56 -1.01) (end 5.56 -1.53) (layer B.SilkS) (width 0.12))
    (fp_line (start 1.56 -1.01) (end 5.56 -1.01) (layer B.SilkS) (width 0.12))
    (fp_line (start 0.76 -0.635) (end 1.56 -0.635) (layer B.SilkS) (width 0.12))
    (fp_line (start 1.56 -0.16) (end 5.56 -0.16) (layer B.SilkS) (width 0.12))
    (fp_line (start 1.56 -0.04) (end 5.56 -0.04) (layer B.SilkS) (width 0.12))
    (fp_line (start 1.56 0.08) (end 5.56 0.08) (layer B.SilkS) (width 0.12))
    (fp_line (start 1.56 0.2) (end 5.56 0.2) (layer B.SilkS) (width 0.12))
    (fp_line (start 5.56 -0.26) (end 1.56 -0.26) (layer B.SilkS) (width 0.12))
    (fp_line (start 5.56 0.26) (end 5.56 -0.26) (layer B.SilkS) (width 0.12))
    (fp_line (start 1.56 0.26) (end 5.56 0.26) (layer B.SilkS) (width 0.12))
    (fp_line (start 0.44 -3.235) (end 0.44 -3.159677) (layer B.SilkS) (width 0.12))
    (fp_line (start 1.56 -3.235) (end 0.44 -3.235) (layer B.SilkS) (width 0.12))
    (fp_line (start 1.56 0.695) (end 1.56 -3.235) (layer B.SilkS) (width 0.12))
    (fp_line (start 0.76 0.695) (end 1.56 0.695) (layer B.SilkS) (width 0.12))
    (fp_line (start 1.5 -2.74) (end 5.5 -2.74) (layer B.Fab) (width 0.1))
    (fp_line (start 5.5 -2.34) (end 5.5 -2.74) (layer B.Fab) (width 0.1))
    (fp_line (start 1.5 -2.34) (end 5.5 -2.34) (layer B.Fab) (width 0.1))
    (fp_line (start -0.2 -2.74) (end 0.5 -2.74) (layer B.Fab) (width 0.1))
    (fp_line (start -0.2 -2.34) (end -0.2 -2.74) (layer B.Fab) (width 0.1))
    (fp_line (start -0.2 -2.34) (end 0.5 -2.34) (layer B.Fab) (width 0.1))
    (fp_line (start 1.5 -1.47) (end 5.5 -1.47) (layer B.Fab) (width 0.1))
    (fp_line (start 5.5 -1.07) (end 5.5 -1.47) (layer B.Fab) (width 0.1))
    (fp_line (start 1.5 -1.07) (end 5.5 -1.07) (layer B.Fab) (width 0.1))
    (fp_line (start -0.2 -1.47) (end 0.5 -1.47) (layer B.Fab) (width 0.1))
    (fp_line (start -0.2 -1.07) (end -0.2 -1.47) (layer B.Fab) (width 0.1))
    (fp_line (start -0.2 -1.07) (end 0.5 -1.07) (layer B.Fab) (width 0.1))
    (fp_line (start 1.5 -0.2) (end 5.5 -0.2) (layer B.Fab) (width 0.1))
    (fp_line (start 5.5 0.2) (end 5.5 -0.2) (layer B.Fab) (width 0.1))
    (fp_line (start 1.5 0.2) (end 5.5 0.2) (layer B.Fab) (width 0.1))
    (fp_line (start -0.2 -0.2) (end 0.5 -0.2) (layer B.Fab) (width 0.1))
    (fp_line (start -0.2 0.2) (end -0.2 -0.2) (layer B.Fab) (width 0.1))
    (fp_line (start -0.2 0.2) (end 0.5 0.2) (layer B.Fab) (width 0.1))
    (fp_line (start 0.5 0.385) (end 0.75 0.635) (layer B.Fab) (width 0.1))
    (fp_line (start 0.5 -3.175) (end 0.5 0.385) (layer B.Fab) (width 0.1))
    (fp_line (start 1.5 -3.175) (end 0.5 -3.175) (layer B.Fab) (width 0.1))
    (fp_line (start 1.5 0.635) (end 1.5 -3.175) (layer B.Fab) (width 0.1))
    (fp_line (start 0.75 0.635) (end 1.5 0.635) (layer B.Fab) (width 0.1))
    (pad 3 thru_hole oval (at 0 -2.54 270) (size 1 1) (drill 0.65) (layers *.Cu *.Mask)
      (net 62 "Net-(J11-Pad3)"))
    (pad 2 thru_hole oval (at 0 -1.27 270) (size 1 1) (drill 0.65) (layers *.Cu *.Mask)
      (net 60 "Net-(F5-Pad2)"))
    (pad 1 thru_hole rect (at 0 0 270) (size 1 1) (drill 0.65) (layers *.Cu *.Mask)
      (net 61 "Net-(F6-Pad1)"))
    (model ${KISYS3DMOD}/Connector_PinHeader_1.27mm.3dshapes/PinHeader_1x03_P1.27mm_Horizontal.wrl
      (at (xyz 0 0 0))
      (scale (xyz 1 1 1))
      (rotate (xyz 0 0 0))
    )
  )

  (module Fuse:Fuse_0603_1608Metric (layer F.Cu) (tedit 5B301BBE) (tstamp 5D81CD5F)
    (at 107.4675 40.767 180)
    (descr "Fuse SMD 0603 (1608 Metric), square (rectangular) end terminal, IPC_7351 nominal, (Body size source: http://www.tortai-tech.com/upload/download/2011102023233369053.pdf), generated with kicad-footprint-generator")
    (tags resistor)
    (path /5DA5C459)
    (attr smd)
    (fp_text reference F6 (at 0 -1.43) (layer F.SilkS)
      (effects (font (size 1 1) (thickness 0.15)))
    )
    (fp_text value 0.5A (at 0 1.43) (layer F.Fab)
      (effects (font (size 1 1) (thickness 0.15)))
    )
    (fp_text user %R (at 0 0) (layer F.Fab)
      (effects (font (size 0.4 0.4) (thickness 0.06)))
    )
    (fp_line (start 1.48 0.73) (end -1.48 0.73) (layer F.CrtYd) (width 0.05))
    (fp_line (start 1.48 -0.73) (end 1.48 0.73) (layer F.CrtYd) (width 0.05))
    (fp_line (start -1.48 -0.73) (end 1.48 -0.73) (layer F.CrtYd) (width 0.05))
    (fp_line (start -1.48 0.73) (end -1.48 -0.73) (layer F.CrtYd) (width 0.05))
    (fp_line (start -0.162779 0.51) (end 0.162779 0.51) (layer F.SilkS) (width 0.12))
    (fp_line (start -0.162779 -0.51) (end 0.162779 -0.51) (layer F.SilkS) (width 0.12))
    (fp_line (start 0.8 0.4) (end -0.8 0.4) (layer F.Fab) (width 0.1))
    (fp_line (start 0.8 -0.4) (end 0.8 0.4) (layer F.Fab) (width 0.1))
    (fp_line (start -0.8 -0.4) (end 0.8 -0.4) (layer F.Fab) (width 0.1))
    (fp_line (start -0.8 0.4) (end -0.8 -0.4) (layer F.Fab) (width 0.1))
    (pad 2 smd roundrect (at 0.7875 0 180) (size 0.875 0.95) (layers F.Cu F.Paste F.Mask) (roundrect_rratio 0.25)
      (net 4 GND))
    (pad 1 smd roundrect (at -0.7875 0 180) (size 0.875 0.95) (layers F.Cu F.Paste F.Mask) (roundrect_rratio 0.25)
      (net 61 "Net-(F6-Pad1)"))
    (model ${KISYS3DMOD}/Fuse.3dshapes/Fuse_0603_1608Metric.wrl
      (at (xyz 0 0 0))
      (scale (xyz 1 1 1))
      (rotate (xyz 0 0 0))
    )
  )

  (module Fuse:Fuse_0603_1608Metric (layer F.Cu) (tedit 5B301BBE) (tstamp 5D81CD4E)
    (at 118.3385 38.608 180)
    (descr "Fuse SMD 0603 (1608 Metric), square (rectangular) end terminal, IPC_7351 nominal, (Body size source: http://www.tortai-tech.com/upload/download/2011102023233369053.pdf), generated with kicad-footprint-generator")
    (tags resistor)
    (path /5DA5C461)
    (attr smd)
    (fp_text reference F5 (at 0 -1.43) (layer F.SilkS)
      (effects (font (size 1 1) (thickness 0.15)))
    )
    (fp_text value 0.5A (at 0 1.43) (layer F.Fab)
      (effects (font (size 1 1) (thickness 0.15)))
    )
    (fp_text user %R (at 0 0) (layer F.Fab)
      (effects (font (size 0.4 0.4) (thickness 0.06)))
    )
    (fp_line (start 1.48 0.73) (end -1.48 0.73) (layer F.CrtYd) (width 0.05))
    (fp_line (start 1.48 -0.73) (end 1.48 0.73) (layer F.CrtYd) (width 0.05))
    (fp_line (start -1.48 -0.73) (end 1.48 -0.73) (layer F.CrtYd) (width 0.05))
    (fp_line (start -1.48 0.73) (end -1.48 -0.73) (layer F.CrtYd) (width 0.05))
    (fp_line (start -0.162779 0.51) (end 0.162779 0.51) (layer F.SilkS) (width 0.12))
    (fp_line (start -0.162779 -0.51) (end 0.162779 -0.51) (layer F.SilkS) (width 0.12))
    (fp_line (start 0.8 0.4) (end -0.8 0.4) (layer F.Fab) (width 0.1))
    (fp_line (start 0.8 -0.4) (end 0.8 0.4) (layer F.Fab) (width 0.1))
    (fp_line (start -0.8 -0.4) (end 0.8 -0.4) (layer F.Fab) (width 0.1))
    (fp_line (start -0.8 0.4) (end -0.8 -0.4) (layer F.Fab) (width 0.1))
    (pad 2 smd roundrect (at 0.7875 0 180) (size 0.875 0.95) (layers F.Cu F.Paste F.Mask) (roundrect_rratio 0.25)
      (net 60 "Net-(F5-Pad2)"))
    (pad 1 smd roundrect (at -0.7875 0 180) (size 0.875 0.95) (layers F.Cu F.Paste F.Mask) (roundrect_rratio 0.25)
      (net 2 VCC))
    (model ${KISYS3DMOD}/Fuse.3dshapes/Fuse_0603_1608Metric.wrl
      (at (xyz 0 0 0))
      (scale (xyz 1 1 1))
      (rotate (xyz 0 0 0))
    )
  )

  (module Connector_PinHeader_1.27mm:PinHeader_2x03_P1.27mm_Vertical (layer F.Cu) (tedit 59FED6E3) (tstamp 5D814318)
    (at 97.155 46.609 90)
    (descr "Through hole straight pin header, 2x03, 1.27mm pitch, double rows")
    (tags "Through hole pin header THT 2x03 1.27mm double row")
    (path /5D9485AA)
    (fp_text reference J10 (at 0.635 -1.695 90) (layer F.Fab)
      (effects (font (size 1 1) (thickness 0.15)))
    )
    (fp_text value ISCP (at 0.762 5.207 180) (layer F.SilkS)
      (effects (font (size 1 1) (thickness 0.15)))
    )
    (fp_text user %R (at -2.667 1.397) (layer F.Fab)
      (effects (font (size 1 1) (thickness 0.15)))
    )
    (fp_line (start 2.85 -1.15) (end -1.6 -1.15) (layer F.CrtYd) (width 0.05))
    (fp_line (start 2.85 3.7) (end 2.85 -1.15) (layer F.CrtYd) (width 0.05))
    (fp_line (start -1.6 3.7) (end 2.85 3.7) (layer F.CrtYd) (width 0.05))
    (fp_line (start -1.6 -1.15) (end -1.6 3.7) (layer F.CrtYd) (width 0.05))
    (fp_line (start -1.13 -0.76) (end 0 -0.76) (layer F.SilkS) (width 0.12))
    (fp_line (start -1.13 0) (end -1.13 -0.76) (layer F.SilkS) (width 0.12))
    (fp_line (start 1.57753 -0.695) (end 2.4 -0.695) (layer F.SilkS) (width 0.12))
    (fp_line (start 0.76 -0.695) (end 0.96247 -0.695) (layer F.SilkS) (width 0.12))
    (fp_line (start 0.76 -0.563471) (end 0.76 -0.695) (layer F.SilkS) (width 0.12))
    (fp_line (start 0.76 0.706529) (end 0.76 0.563471) (layer F.SilkS) (width 0.12))
    (fp_line (start 0.563471 0.76) (end 0.706529 0.76) (layer F.SilkS) (width 0.12))
    (fp_line (start -1.13 0.76) (end -0.563471 0.76) (layer F.SilkS) (width 0.12))
    (fp_line (start 2.4 -0.695) (end 2.4 3.235) (layer F.SilkS) (width 0.12))
    (fp_line (start -1.13 0.76) (end -1.13 3.235) (layer F.SilkS) (width 0.12))
    (fp_line (start 0.30753 3.235) (end 0.96247 3.235) (layer F.SilkS) (width 0.12))
    (fp_line (start 1.57753 3.235) (end 2.4 3.235) (layer F.SilkS) (width 0.12))
    (fp_line (start -1.13 3.235) (end -0.30753 3.235) (layer F.SilkS) (width 0.12))
    (fp_line (start -1.07 0.2175) (end -0.2175 -0.635) (layer F.Fab) (width 0.1))
    (fp_line (start -1.07 3.175) (end -1.07 0.2175) (layer F.Fab) (width 0.1))
    (fp_line (start 2.34 3.175) (end -1.07 3.175) (layer F.Fab) (width 0.1))
    (fp_line (start 2.34 -0.635) (end 2.34 3.175) (layer F.Fab) (width 0.1))
    (fp_line (start -0.2175 -0.635) (end 2.34 -0.635) (layer F.Fab) (width 0.1))
    (pad 6 thru_hole oval (at 1.27 2.54 90) (size 1 1) (drill 0.65) (layers *.Cu *.Mask)
      (net 4 GND))
    (pad 5 thru_hole oval (at 0 2.54 90) (size 1 1) (drill 0.65) (layers *.Cu *.Mask)
      (net 56 /RESET))
    (pad 4 thru_hole oval (at 1.27 1.27 90) (size 1 1) (drill 0.65) (layers *.Cu *.Mask)
      (net 57 /MOSI))
    (pad 3 thru_hole oval (at 0 1.27 90) (size 1 1) (drill 0.65) (layers *.Cu *.Mask)
      (net 58 /SCK))
    (pad 2 thru_hole oval (at 1.27 0 90) (size 1 1) (drill 0.65) (layers *.Cu *.Mask)
      (net 2 VCC))
    (pad 1 thru_hole rect (at 0 0 90) (size 1 1) (drill 0.65) (layers *.Cu *.Mask)
      (net 59 /MISO))
    (model ${KISYS3DMOD}/Connector_PinHeader_1.27mm.3dshapes/PinHeader_2x03_P1.27mm_Vertical.wrl
      (at (xyz 0 0 0))
      (scale (xyz 1 1 1))
      (rotate (xyz 0 0 0))
    )
  )

  (module Resistor_SMD:R_0603_1608Metric (layer F.Cu) (tedit 5B301BBD) (tstamp 5D8074D5)
    (at 88.6205 55.118)
    (descr "Resistor SMD 0603 (1608 Metric), square (rectangular) end terminal, IPC_7351 nominal, (Body size source: http://www.tortai-tech.com/upload/download/2011102023233369053.pdf), generated with kicad-footprint-generator")
    (tags resistor)
    (path /5D899DDE)
    (attr smd)
    (fp_text reference R22 (at 0 -1.43) (layer F.SilkS)
      (effects (font (size 1 1) (thickness 0.15)))
    )
    (fp_text value 10K (at 0 1.43) (layer F.Fab)
      (effects (font (size 1 1) (thickness 0.15)))
    )
    (fp_text user %R (at 0 0) (layer F.Fab)
      (effects (font (size 0.4 0.4) (thickness 0.06)))
    )
    (fp_line (start 1.48 0.73) (end -1.48 0.73) (layer F.CrtYd) (width 0.05))
    (fp_line (start 1.48 -0.73) (end 1.48 0.73) (layer F.CrtYd) (width 0.05))
    (fp_line (start -1.48 -0.73) (end 1.48 -0.73) (layer F.CrtYd) (width 0.05))
    (fp_line (start -1.48 0.73) (end -1.48 -0.73) (layer F.CrtYd) (width 0.05))
    (fp_line (start -0.162779 0.51) (end 0.162779 0.51) (layer F.SilkS) (width 0.12))
    (fp_line (start -0.162779 -0.51) (end 0.162779 -0.51) (layer F.SilkS) (width 0.12))
    (fp_line (start 0.8 0.4) (end -0.8 0.4) (layer F.Fab) (width 0.1))
    (fp_line (start 0.8 -0.4) (end 0.8 0.4) (layer F.Fab) (width 0.1))
    (fp_line (start -0.8 -0.4) (end 0.8 -0.4) (layer F.Fab) (width 0.1))
    (fp_line (start -0.8 0.4) (end -0.8 -0.4) (layer F.Fab) (width 0.1))
    (pad 2 smd roundrect (at 0.7875 0) (size 0.875 0.95) (layers F.Cu F.Paste F.Mask) (roundrect_rratio 0.25)
      (net 2 VCC))
    (pad 1 smd roundrect (at -0.7875 0) (size 0.875 0.95) (layers F.Cu F.Paste F.Mask) (roundrect_rratio 0.25)
      (net 54 "Net-(J9-Pad3)"))
    (model ${KISYS3DMOD}/Resistor_SMD.3dshapes/R_0603_1608Metric.wrl
      (at (xyz 0 0 0))
      (scale (xyz 1 1 1))
      (rotate (xyz 0 0 0))
    )
  )

  (module Resistor_SMD:R_0603_1608Metric (layer F.Cu) (tedit 5B301BBD) (tstamp 5D8074E6)
    (at 88.6205 57.658)
    (descr "Resistor SMD 0603 (1608 Metric), square (rectangular) end terminal, IPC_7351 nominal, (Body size source: http://www.tortai-tech.com/upload/download/2011102023233369053.pdf), generated with kicad-footprint-generator")
    (tags resistor)
    (path /5D88E616)
    (attr smd)
    (fp_text reference R23 (at 0 -1.27) (layer F.SilkS)
      (effects (font (size 1 1) (thickness 0.15)))
    )
    (fp_text value 10K (at 0 1.43) (layer F.Fab)
      (effects (font (size 1 1) (thickness 0.15)))
    )
    (fp_line (start -0.8 0.4) (end -0.8 -0.4) (layer F.Fab) (width 0.1))
    (fp_line (start -0.8 -0.4) (end 0.8 -0.4) (layer F.Fab) (width 0.1))
    (fp_line (start 0.8 -0.4) (end 0.8 0.4) (layer F.Fab) (width 0.1))
    (fp_line (start 0.8 0.4) (end -0.8 0.4) (layer F.Fab) (width 0.1))
    (fp_line (start -0.162779 -0.51) (end 0.162779 -0.51) (layer F.SilkS) (width 0.12))
    (fp_line (start -0.162779 0.51) (end 0.162779 0.51) (layer F.SilkS) (width 0.12))
    (fp_line (start -1.48 0.73) (end -1.48 -0.73) (layer F.CrtYd) (width 0.05))
    (fp_line (start -1.48 -0.73) (end 1.48 -0.73) (layer F.CrtYd) (width 0.05))
    (fp_line (start 1.48 -0.73) (end 1.48 0.73) (layer F.CrtYd) (width 0.05))
    (fp_line (start 1.48 0.73) (end -1.48 0.73) (layer F.CrtYd) (width 0.05))
    (fp_text user %R (at 0 0) (layer F.Fab)
      (effects (font (size 0.4 0.4) (thickness 0.06)))
    )
    (pad 1 smd roundrect (at -0.7875 0) (size 0.875 0.95) (layers F.Cu F.Paste F.Mask) (roundrect_rratio 0.25)
      (net 55 "Net-(J9-Pad2)"))
    (pad 2 smd roundrect (at 0.7875 0) (size 0.875 0.95) (layers F.Cu F.Paste F.Mask) (roundrect_rratio 0.25)
      (net 2 VCC))
    (model ${KISYS3DMOD}/Resistor_SMD.3dshapes/R_0603_1608Metric.wrl
      (at (xyz 0 0 0))
      (scale (xyz 1 1 1))
      (rotate (xyz 0 0 0))
    )
  )

  (module Connector_PinHeader_1.27mm:PinHeader_1x04_P1.27mm_Horizontal (layer B.Cu) (tedit 59FED6E3) (tstamp 5D80720A)
    (at 86.233 59.69)
    (descr "Through hole angled pin header, 1x04, 1.27mm pitch, 4.0mm pin length, single row")
    (tags "Through hole angled pin header THT 1x04 1.27mm single row")
    (path /5D84AF9B)
    (fp_text reference J9 (at 2.921 -1.016) (layer B.SilkS)
      (effects (font (size 1 1) (thickness 0.15)) (justify mirror))
    )
    (fp_text value "I²C header" (at 11.303 -2.286) (layer B.SilkS)
      (effects (font (size 1 1) (thickness 0.15)) (justify mirror))
    )
    (fp_text user %R (at 1 -1.905 270) (layer B.Fab)
      (effects (font (size 0.6 0.6) (thickness 0.09)) (justify mirror))
    )
    (fp_line (start 6 1.15) (end -1.15 1.15) (layer B.CrtYd) (width 0.05))
    (fp_line (start 6 -4.95) (end 6 1.15) (layer B.CrtYd) (width 0.05))
    (fp_line (start -1.15 -4.95) (end 6 -4.95) (layer B.CrtYd) (width 0.05))
    (fp_line (start -1.15 1.15) (end -1.15 -4.95) (layer B.CrtYd) (width 0.05))
    (fp_line (start -0.76 0.76) (end 0 0.76) (layer B.SilkS) (width 0.12))
    (fp_line (start -0.76 0) (end -0.76 0.76) (layer B.SilkS) (width 0.12))
    (fp_line (start 5.56 -4.07) (end 1.56 -4.07) (layer B.SilkS) (width 0.12))
    (fp_line (start 5.56 -3.55) (end 5.56 -4.07) (layer B.SilkS) (width 0.12))
    (fp_line (start 1.56 -3.55) (end 5.56 -3.55) (layer B.SilkS) (width 0.12))
    (fp_line (start 0.44 -3.159677) (end 0.44 -3.190323) (layer B.SilkS) (width 0.12))
    (fp_line (start 0.44 -3.175) (end 1.56 -3.175) (layer B.SilkS) (width 0.12))
    (fp_line (start 5.56 -2.8) (end 1.56 -2.8) (layer B.SilkS) (width 0.12))
    (fp_line (start 5.56 -2.28) (end 5.56 -2.8) (layer B.SilkS) (width 0.12))
    (fp_line (start 1.56 -2.28) (end 5.56 -2.28) (layer B.SilkS) (width 0.12))
    (fp_line (start 0.44 -1.889677) (end 0.44 -1.920323) (layer B.SilkS) (width 0.12))
    (fp_line (start 0.44 -1.905) (end 1.56 -1.905) (layer B.SilkS) (width 0.12))
    (fp_line (start 5.56 -1.53) (end 1.56 -1.53) (layer B.SilkS) (width 0.12))
    (fp_line (start 5.56 -1.01) (end 5.56 -1.53) (layer B.SilkS) (width 0.12))
    (fp_line (start 1.56 -1.01) (end 5.56 -1.01) (layer B.SilkS) (width 0.12))
    (fp_line (start 0.76 -0.635) (end 1.56 -0.635) (layer B.SilkS) (width 0.12))
    (fp_line (start 1.56 -0.16) (end 5.56 -0.16) (layer B.SilkS) (width 0.12))
    (fp_line (start 1.56 -0.04) (end 5.56 -0.04) (layer B.SilkS) (width 0.12))
    (fp_line (start 1.56 0.08) (end 5.56 0.08) (layer B.SilkS) (width 0.12))
    (fp_line (start 1.56 0.2) (end 5.56 0.2) (layer B.SilkS) (width 0.12))
    (fp_line (start 5.56 -0.26) (end 1.56 -0.26) (layer B.SilkS) (width 0.12))
    (fp_line (start 5.56 0.26) (end 5.56 -0.26) (layer B.SilkS) (width 0.12))
    (fp_line (start 1.56 0.26) (end 5.56 0.26) (layer B.SilkS) (width 0.12))
    (fp_line (start 0.44 -4.505) (end 0.44 -4.429677) (layer B.SilkS) (width 0.12))
    (fp_line (start 1.56 -4.505) (end 0.44 -4.505) (layer B.SilkS) (width 0.12))
    (fp_line (start 1.56 0.695) (end 1.56 -4.505) (layer B.SilkS) (width 0.12))
    (fp_line (start 0.76 0.695) (end 1.56 0.695) (layer B.SilkS) (width 0.12))
    (fp_line (start 1.5 -4.01) (end 5.5 -4.01) (layer B.Fab) (width 0.1))
    (fp_line (start 5.5 -3.61) (end 5.5 -4.01) (layer B.Fab) (width 0.1))
    (fp_line (start 1.5 -3.61) (end 5.5 -3.61) (layer B.Fab) (width 0.1))
    (fp_line (start -0.2 -4.01) (end 0.5 -4.01) (layer B.Fab) (width 0.1))
    (fp_line (start -0.2 -3.61) (end -0.2 -4.01) (layer B.Fab) (width 0.1))
    (fp_line (start -0.2 -3.61) (end 0.5 -3.61) (layer B.Fab) (width 0.1))
    (fp_line (start 1.5 -2.74) (end 5.5 -2.74) (layer B.Fab) (width 0.1))
    (fp_line (start 5.5 -2.34) (end 5.5 -2.74) (layer B.Fab) (width 0.1))
    (fp_line (start 1.5 -2.34) (end 5.5 -2.34) (layer B.Fab) (width 0.1))
    (fp_line (start -0.2 -2.74) (end 0.5 -2.74) (layer B.Fab) (width 0.1))
    (fp_line (start -0.2 -2.34) (end -0.2 -2.74) (layer B.Fab) (width 0.1))
    (fp_line (start -0.2 -2.34) (end 0.5 -2.34) (layer B.Fab) (width 0.1))
    (fp_line (start 1.5 -1.47) (end 5.5 -1.47) (layer B.Fab) (width 0.1))
    (fp_line (start 5.5 -1.07) (end 5.5 -1.47) (layer B.Fab) (width 0.1))
    (fp_line (start 1.5 -1.07) (end 5.5 -1.07) (layer B.Fab) (width 0.1))
    (fp_line (start -0.2 -1.47) (end 0.5 -1.47) (layer B.Fab) (width 0.1))
    (fp_line (start -0.2 -1.07) (end -0.2 -1.47) (layer B.Fab) (width 0.1))
    (fp_line (start -0.2 -1.07) (end 0.5 -1.07) (layer B.Fab) (width 0.1))
    (fp_line (start 1.5 -0.2) (end 5.5 -0.2) (layer B.Fab) (width 0.1))
    (fp_line (start 5.5 0.2) (end 5.5 -0.2) (layer B.Fab) (width 0.1))
    (fp_line (start 1.5 0.2) (end 5.5 0.2) (layer B.Fab) (width 0.1))
    (fp_line (start -0.2 -0.2) (end 0.5 -0.2) (layer B.Fab) (width 0.1))
    (fp_line (start -0.2 0.2) (end -0.2 -0.2) (layer B.Fab) (width 0.1))
    (fp_line (start -0.2 0.2) (end 0.5 0.2) (layer B.Fab) (width 0.1))
    (fp_line (start 0.5 0.385) (end 0.75 0.635) (layer B.Fab) (width 0.1))
    (fp_line (start 0.5 -4.445) (end 0.5 0.385) (layer B.Fab) (width 0.1))
    (fp_line (start 1.5 -4.445) (end 0.5 -4.445) (layer B.Fab) (width 0.1))
    (fp_line (start 1.5 0.635) (end 1.5 -4.445) (layer B.Fab) (width 0.1))
    (fp_line (start 0.75 0.635) (end 1.5 0.635) (layer B.Fab) (width 0.1))
    (pad 4 thru_hole oval (at 0 -3.81) (size 1 1) (drill 0.65) (layers *.Cu *.Mask)
      (net 4 GND))
    (pad 3 thru_hole oval (at 0 -2.54) (size 1 1) (drill 0.65) (layers *.Cu *.Mask)
      (net 54 "Net-(J9-Pad3)"))
    (pad 2 thru_hole oval (at 0 -1.27) (size 1 1) (drill 0.65) (layers *.Cu *.Mask)
      (net 55 "Net-(J9-Pad2)"))
    (pad 1 thru_hole rect (at 0 0) (size 1 1) (drill 0.65) (layers *.Cu *.Mask)
      (net 2 VCC))
    (model ${KISYS3DMOD}/Connector_PinHeader_1.27mm.3dshapes/PinHeader_1x04_P1.27mm_Horizontal.wrl
      (at (xyz 0 0 0))
      (scale (xyz 1 1 1))
      (rotate (xyz 0 0 0))
    )
  )

  (module Resistor_SMD:R_0603_1608Metric (layer F.Cu) (tedit 5B301BBD) (tstamp 5D7BE846)
    (at 125.13 44.831 180)
    (descr "Resistor SMD 0603 (1608 Metric), square (rectangular) end terminal, IPC_7351 nominal, (Body size source: http://www.tortai-tech.com/upload/download/2011102023233369053.pdf), generated with kicad-footprint-generator")
    (tags resistor)
    (path /5D74031D)
    (attr smd)
    (fp_text reference R6 (at 0 -1.43) (layer F.SilkS)
      (effects (font (size 1 1) (thickness 0.15)))
    )
    (fp_text value 1K (at 0 1.43) (layer F.Fab)
      (effects (font (size 1 1) (thickness 0.15)))
    )
    (fp_text user %R (at 0 0) (layer F.Fab)
      (effects (font (size 0.4 0.4) (thickness 0.06)))
    )
    (fp_line (start 1.48 0.73) (end -1.48 0.73) (layer F.CrtYd) (width 0.05))
    (fp_line (start 1.48 -0.73) (end 1.48 0.73) (layer F.CrtYd) (width 0.05))
    (fp_line (start -1.48 -0.73) (end 1.48 -0.73) (layer F.CrtYd) (width 0.05))
    (fp_line (start -1.48 0.73) (end -1.48 -0.73) (layer F.CrtYd) (width 0.05))
    (fp_line (start -0.162779 0.51) (end 0.162779 0.51) (layer F.SilkS) (width 0.12))
    (fp_line (start -0.162779 -0.51) (end 0.162779 -0.51) (layer F.SilkS) (width 0.12))
    (fp_line (start 0.8 0.4) (end -0.8 0.4) (layer F.Fab) (width 0.1))
    (fp_line (start 0.8 -0.4) (end 0.8 0.4) (layer F.Fab) (width 0.1))
    (fp_line (start -0.8 -0.4) (end 0.8 -0.4) (layer F.Fab) (width 0.1))
    (fp_line (start -0.8 0.4) (end -0.8 -0.4) (layer F.Fab) (width 0.1))
    (pad 2 smd roundrect (at 0.7875 0 180) (size 0.875 0.95) (layers F.Cu F.Paste F.Mask) (roundrect_rratio 0.25)
      (net 19 "Net-(R6-Pad2)"))
    (pad 1 smd roundrect (at -0.7875 0 180) (size 0.875 0.95) (layers F.Cu F.Paste F.Mask) (roundrect_rratio 0.25)
      (net 18 "Net-(J5-Pad2)"))
    (model ${KISYS3DMOD}/Resistor_SMD.3dshapes/R_0603_1608Metric.wrl
      (at (xyz 0 0 0))
      (scale (xyz 1 1 1))
      (rotate (xyz 0 0 0))
    )
  )

  (module Resistor_SMD:R_0603_1608Metric (layer F.Cu) (tedit 5B301BBD) (tstamp 5D7FD754)
    (at 101.4475 62.865)
    (descr "Resistor SMD 0603 (1608 Metric), square (rectangular) end terminal, IPC_7351 nominal, (Body size source: http://www.tortai-tech.com/upload/download/2011102023233369053.pdf), generated with kicad-footprint-generator")
    (tags resistor)
    (path /5D858144)
    (attr smd)
    (fp_text reference R20 (at 0 -1.43) (layer F.SilkS)
      (effects (font (size 1 1) (thickness 0.15)))
    )
    (fp_text value 1K (at 0 1.43) (layer F.Fab)
      (effects (font (size 1 1) (thickness 0.15)))
    )
    (fp_line (start -0.8 0.4) (end -0.8 -0.4) (layer F.Fab) (width 0.1))
    (fp_line (start -0.8 -0.4) (end 0.8 -0.4) (layer F.Fab) (width 0.1))
    (fp_line (start 0.8 -0.4) (end 0.8 0.4) (layer F.Fab) (width 0.1))
    (fp_line (start 0.8 0.4) (end -0.8 0.4) (layer F.Fab) (width 0.1))
    (fp_line (start -0.162779 -0.51) (end 0.162779 -0.51) (layer F.SilkS) (width 0.12))
    (fp_line (start -0.162779 0.51) (end 0.162779 0.51) (layer F.SilkS) (width 0.12))
    (fp_line (start -1.48 0.73) (end -1.48 -0.73) (layer F.CrtYd) (width 0.05))
    (fp_line (start -1.48 -0.73) (end 1.48 -0.73) (layer F.CrtYd) (width 0.05))
    (fp_line (start 1.48 -0.73) (end 1.48 0.73) (layer F.CrtYd) (width 0.05))
    (fp_line (start 1.48 0.73) (end -1.48 0.73) (layer F.CrtYd) (width 0.05))
    (fp_text user %R (at 0 -0.0255) (layer F.Fab)
      (effects (font (size 0.4 0.4) (thickness 0.06)))
    )
    (pad 1 smd roundrect (at -0.7875 0) (size 0.875 0.95) (layers F.Cu F.Paste F.Mask) (roundrect_rratio 0.25)
      (net 39 "Net-(J2-Pad3)"))
    (pad 2 smd roundrect (at 0.7875 0) (size 0.875 0.95) (layers F.Cu F.Paste F.Mask) (roundrect_rratio 0.25)
      (net 52 "Net-(R20-Pad2)"))
    (model ${KISYS3DMOD}/Resistor_SMD.3dshapes/R_0603_1608Metric.wrl
      (at (xyz 0 0 0))
      (scale (xyz 1 1 1))
      (rotate (xyz 0 0 0))
    )
  )

  (module Resistor_SMD:R_0603_1608Metric (layer F.Cu) (tedit 5B301BBD) (tstamp 5D7FD765)
    (at 105.6385 60.96 180)
    (descr "Resistor SMD 0603 (1608 Metric), square (rectangular) end terminal, IPC_7351 nominal, (Body size source: http://www.tortai-tech.com/upload/download/2011102023233369053.pdf), generated with kicad-footprint-generator")
    (tags resistor)
    (path /5D858502)
    (attr smd)
    (fp_text reference R21 (at 0 -1.43) (layer F.SilkS)
      (effects (font (size 1 1) (thickness 0.15)))
    )
    (fp_text value 1K (at 0 1.43) (layer F.Fab)
      (effects (font (size 1 1) (thickness 0.15)))
    )
    (fp_text user %R (at 0 0) (layer F.Fab)
      (effects (font (size 0.4 0.4) (thickness 0.06)))
    )
    (fp_line (start 1.48 0.73) (end -1.48 0.73) (layer F.CrtYd) (width 0.05))
    (fp_line (start 1.48 -0.73) (end 1.48 0.73) (layer F.CrtYd) (width 0.05))
    (fp_line (start -1.48 -0.73) (end 1.48 -0.73) (layer F.CrtYd) (width 0.05))
    (fp_line (start -1.48 0.73) (end -1.48 -0.73) (layer F.CrtYd) (width 0.05))
    (fp_line (start -0.162779 0.51) (end 0.162779 0.51) (layer F.SilkS) (width 0.12))
    (fp_line (start -0.162779 -0.51) (end 0.162779 -0.51) (layer F.SilkS) (width 0.12))
    (fp_line (start 0.8 0.4) (end -0.8 0.4) (layer F.Fab) (width 0.1))
    (fp_line (start 0.8 -0.4) (end 0.8 0.4) (layer F.Fab) (width 0.1))
    (fp_line (start -0.8 -0.4) (end 0.8 -0.4) (layer F.Fab) (width 0.1))
    (fp_line (start -0.8 0.4) (end -0.8 -0.4) (layer F.Fab) (width 0.1))
    (pad 2 smd roundrect (at 0.7875 0 180) (size 0.875 0.95) (layers F.Cu F.Paste F.Mask) (roundrect_rratio 0.25)
      (net 53 "Net-(R21-Pad2)"))
    (pad 1 smd roundrect (at -0.7875 0 180) (size 0.875 0.95) (layers F.Cu F.Paste F.Mask) (roundrect_rratio 0.25)
      (net 40 "Net-(J3-Pad3)"))
    (model ${KISYS3DMOD}/Resistor_SMD.3dshapes/R_0603_1608Metric.wrl
      (at (xyz 0 0 0))
      (scale (xyz 1 1 1))
      (rotate (xyz 0 0 0))
    )
  )

  (module Fuse:Fuse_0603_1608Metric (layer F.Cu) (tedit 5B301BBE) (tstamp 5D7FD721)
    (at 111.2775 63.627)
    (descr "Fuse SMD 0603 (1608 Metric), square (rectangular) end terminal, IPC_7351 nominal, (Body size source: http://www.tortai-tech.com/upload/download/2011102023233369053.pdf), generated with kicad-footprint-generator")
    (tags resistor)
    (path /5D82754C)
    (attr smd)
    (fp_text reference F2 (at 0 -1.43) (layer F.SilkS)
      (effects (font (size 1 1) (thickness 0.15)))
    )
    (fp_text value 0.5A (at 0 1.43) (layer F.Fab)
      (effects (font (size 1 1) (thickness 0.15)))
    )
    (fp_text user %R (at 0 0) (layer F.Fab)
      (effects (font (size 0.4 0.4) (thickness 0.06)))
    )
    (fp_line (start 1.48 0.73) (end -1.48 0.73) (layer F.CrtYd) (width 0.05))
    (fp_line (start 1.48 -0.73) (end 1.48 0.73) (layer F.CrtYd) (width 0.05))
    (fp_line (start -1.48 -0.73) (end 1.48 -0.73) (layer F.CrtYd) (width 0.05))
    (fp_line (start -1.48 0.73) (end -1.48 -0.73) (layer F.CrtYd) (width 0.05))
    (fp_line (start -0.162779 0.51) (end 0.162779 0.51) (layer F.SilkS) (width 0.12))
    (fp_line (start -0.162779 -0.51) (end 0.162779 -0.51) (layer F.SilkS) (width 0.12))
    (fp_line (start 0.8 0.4) (end -0.8 0.4) (layer F.Fab) (width 0.1))
    (fp_line (start 0.8 -0.4) (end 0.8 0.4) (layer F.Fab) (width 0.1))
    (fp_line (start -0.8 -0.4) (end 0.8 -0.4) (layer F.Fab) (width 0.1))
    (fp_line (start -0.8 0.4) (end -0.8 -0.4) (layer F.Fab) (width 0.1))
    (pad 2 smd roundrect (at 0.7875 0) (size 0.875 0.95) (layers F.Cu F.Paste F.Mask) (roundrect_rratio 0.25)
      (net 4 GND))
    (pad 1 smd roundrect (at -0.7875 0) (size 0.875 0.95) (layers F.Cu F.Paste F.Mask) (roundrect_rratio 0.25)
      (net 49 "Net-(F2-Pad1)"))
    (model ${KISYS3DMOD}/Fuse.3dshapes/Fuse_0603_1608Metric.wrl
      (at (xyz 0 0 0))
      (scale (xyz 1 1 1))
      (rotate (xyz 0 0 0))
    )
  )

  (module Fuse:Fuse_0603_1608Metric (layer F.Cu) (tedit 5B301BBE) (tstamp 5D7FD710)
    (at 116.1795 63.627 180)
    (descr "Fuse SMD 0603 (1608 Metric), square (rectangular) end terminal, IPC_7351 nominal, (Body size source: http://www.tortai-tech.com/upload/download/2011102023233369053.pdf), generated with kicad-footprint-generator")
    (tags resistor)
    (path /5D855279)
    (attr smd)
    (fp_text reference F1 (at 0 -1.43) (layer F.SilkS)
      (effects (font (size 1 1) (thickness 0.15)))
    )
    (fp_text value 0.5A (at 0 1.43) (layer F.Fab)
      (effects (font (size 1 1) (thickness 0.15)))
    )
    (fp_line (start -0.8 0.4) (end -0.8 -0.4) (layer F.Fab) (width 0.1))
    (fp_line (start -0.8 -0.4) (end 0.8 -0.4) (layer F.Fab) (width 0.1))
    (fp_line (start 0.8 -0.4) (end 0.8 0.4) (layer F.Fab) (width 0.1))
    (fp_line (start 0.8 0.4) (end -0.8 0.4) (layer F.Fab) (width 0.1))
    (fp_line (start -0.162779 -0.51) (end 0.162779 -0.51) (layer F.SilkS) (width 0.12))
    (fp_line (start -0.162779 0.51) (end 0.162779 0.51) (layer F.SilkS) (width 0.12))
    (fp_line (start -1.48 0.73) (end -1.48 -0.73) (layer F.CrtYd) (width 0.05))
    (fp_line (start -1.48 -0.73) (end 1.48 -0.73) (layer F.CrtYd) (width 0.05))
    (fp_line (start 1.48 -0.73) (end 1.48 0.73) (layer F.CrtYd) (width 0.05))
    (fp_line (start 1.48 0.73) (end -1.48 0.73) (layer F.CrtYd) (width 0.05))
    (fp_text user %R (at 0 0) (layer F.Fab)
      (effects (font (size 0.4 0.4) (thickness 0.06)))
    )
    (pad 1 smd roundrect (at -0.7875 0 180) (size 0.875 0.95) (layers F.Cu F.Paste F.Mask) (roundrect_rratio 0.25)
      (net 2 VCC))
    (pad 2 smd roundrect (at 0.7875 0 180) (size 0.875 0.95) (layers F.Cu F.Paste F.Mask) (roundrect_rratio 0.25)
      (net 48 "Net-(F1-Pad2)"))
    (model ${KISYS3DMOD}/Fuse.3dshapes/Fuse_0603_1608Metric.wrl
      (at (xyz 0 0 0))
      (scale (xyz 1 1 1))
      (rotate (xyz 0 0 0))
    )
  )

  (module Fuse:Fuse_0603_1608Metric (layer F.Cu) (tedit 5B301BBE) (tstamp 5D7FD743)
    (at 111.2775 60.96)
    (descr "Fuse SMD 0603 (1608 Metric), square (rectangular) end terminal, IPC_7351 nominal, (Body size source: http://www.tortai-tech.com/upload/download/2011102023233369053.pdf), generated with kicad-footprint-generator")
    (tags resistor)
    (path /5D8547FF)
    (attr smd)
    (fp_text reference F4 (at 0 -1.43) (layer F.SilkS)
      (effects (font (size 1 1) (thickness 0.15)))
    )
    (fp_text value 0.5A (at 0 1.43) (layer F.Fab)
      (effects (font (size 1 1) (thickness 0.15)))
    )
    (fp_line (start -0.8 0.4) (end -0.8 -0.4) (layer F.Fab) (width 0.1))
    (fp_line (start -0.8 -0.4) (end 0.8 -0.4) (layer F.Fab) (width 0.1))
    (fp_line (start 0.8 -0.4) (end 0.8 0.4) (layer F.Fab) (width 0.1))
    (fp_line (start 0.8 0.4) (end -0.8 0.4) (layer F.Fab) (width 0.1))
    (fp_line (start -0.162779 -0.51) (end 0.162779 -0.51) (layer F.SilkS) (width 0.12))
    (fp_line (start -0.162779 0.51) (end 0.162779 0.51) (layer F.SilkS) (width 0.12))
    (fp_line (start -1.48 0.73) (end -1.48 -0.73) (layer F.CrtYd) (width 0.05))
    (fp_line (start -1.48 -0.73) (end 1.48 -0.73) (layer F.CrtYd) (width 0.05))
    (fp_line (start 1.48 -0.73) (end 1.48 0.73) (layer F.CrtYd) (width 0.05))
    (fp_line (start 1.48 0.73) (end -1.48 0.73) (layer F.CrtYd) (width 0.05))
    (fp_text user %R (at 0 0) (layer F.Fab)
      (effects (font (size 0.4 0.4) (thickness 0.06)))
    )
    (pad 1 smd roundrect (at -0.7875 0) (size 0.875 0.95) (layers F.Cu F.Paste F.Mask) (roundrect_rratio 0.25)
      (net 51 "Net-(F4-Pad1)"))
    (pad 2 smd roundrect (at 0.7875 0) (size 0.875 0.95) (layers F.Cu F.Paste F.Mask) (roundrect_rratio 0.25)
      (net 4 GND))
    (model ${KISYS3DMOD}/Fuse.3dshapes/Fuse_0603_1608Metric.wrl
      (at (xyz 0 0 0))
      (scale (xyz 1 1 1))
      (rotate (xyz 0 0 0))
    )
  )

  (module Fuse:Fuse_0603_1608Metric (layer F.Cu) (tedit 5B301BBE) (tstamp 5D7FD732)
    (at 116.1795 60.96 180)
    (descr "Fuse SMD 0603 (1608 Metric), square (rectangular) end terminal, IPC_7351 nominal, (Body size source: http://www.tortai-tech.com/upload/download/2011102023233369053.pdf), generated with kicad-footprint-generator")
    (tags resistor)
    (path /5D854CA3)
    (attr smd)
    (fp_text reference F3 (at 0 -1.43) (layer F.SilkS)
      (effects (font (size 1 1) (thickness 0.15)))
    )
    (fp_text value 0.5A (at 0 1.43) (layer F.Fab)
      (effects (font (size 1 1) (thickness 0.15)))
    )
